208
198
206
201
202
206
196
195
202
190
201
201
204
197
199
198
190
201
196
199
209
203
194
194
208
190
207
205
205
190
191
203
196
196
202
205
208
204
209
198
191
194
207
194
193
207
199
196
207
197
193
196
199
204
204
190
208
208
208
197
193
198
197
192
203
194
202
200
199
198
209
203
194
195
190
202
201
203
191
191
194
206
195
198
208
207
203
207
205
190
204
199
196
209
197
201
196
196
195
203
197
199
209
201
195
190
206
207
208
195
199
202
201
196
204
203
195
203
197
204
209
204
207
192
204
207
209
206
209
208
193
191
209
195
196
190
196
204
193
195
199
203
194
204
205
203
197
200
197
199
193
207
202
199
196
199
198
200
197
208
198
208
192
192
196
200
199
190
198
197
204
198
204
193
197
205
199
198
194
205
