92
91
107
108
100
96
98
104
109
101
109
103
91
95
97
92
99
105
108
100
109
96
105
99
107
99
97
95
93
108
107
92
90
93
101
96
104
91
90
94
102
98
90
101
94
90
109
102
103
103
93
92
105
103
101
102
98
94
99
98
99
98
98
108
96
108
108
98
101
90
102
107
107
106
105
92
108
101
107
95
94
103
94
91
104
109
109
97
101
98
96
105
104
97
95
93
107
99
100
107
90
98
97
100
90
105
108
104
99
98
108
97
102
95
101
109
102
91
92
94
104
92
93
95
101
96
93
108
92
107
107
92
96
107
96
93
107
104
102
103
94
99
100
103
103
97
106
96
106
103
102
104
91
109
91
99
109
101
105
102
101
104
107
90
96
105
100
109
97
95
100
96
95
95
98
100
98
101
90
105
