300
303
294
304
293
305
291
295
304
292
308
309
294
302
309
303
290
291
307
294
295
300
293
305
294
292
301
307
301
303
302
305
306
297
303
309
298
303
292
303
304
296
299
304
300
299
303
290
290
290
292
294
295
293
301
302
293
306
293
298
305
297
309
292
295
292
308
295
300
297
308
294
301
294
297
294
293
309
293
293
306
290
294
302
291
292
303
297
290
303
309
291
297
295
295
293
306
301
301
301
293
293
292
308
301
290
303
300
306
301
298
308
299
296
300
299
293
290
297
294
292
308
299
308
309
291
300
290
295
295
303
297
301
292
295
309
302
298
306
309
297
291
302
299
309
307
309
300
300
293
293
298
309
307
297
301
304
302
302
305
293
309
291
290
293
291
298
293
301
294
296
294
299
304
308
305
296
295
296
307
